fever,headache,nausea,vomiting,fatigue,joint_pain,skin_rash,cough,weight_loss,yellow_eyes,disease
1,0,0,0,0,1,1,0,0,1,Tuberculosis
